
======================================================================
## 1a. prop 近7天全游戏数据量验证
======================================================================
[dataapi] download ready rows=8 latency=5050ms
ds | cnt
20260713 | 13814
20260714 | 13824
20260715 | 12818
20260716 | 12282
20260717 | 6481
20260718 | 6103
20260719 | 13694
20260720 | 9021
(8 行)

======================================================================
## 1b. prop 近7天新服数据量
======================================================================
[dataapi] download ready rows=4 latency=5031ms
serverid | cnt
39005900001599 | 2647
39005900001601 | 1045
39005900001600 | 771
39005900001598 | 396
(4 行)

======================================================================
## 2. 每服每日付费金额趋势 (重试)
======================================================================
[dataapi] download ready rows=175 latency=31ms
serverid | ds | payers | usd
39005900001598 | 20260510 | 3 | 159.98
39005900001598 | 20260511 | 3 | 149.97
39005900001598 | 20260512 | 4 | 539.99
39005900001598 | 20260513 | 3 | 99.99
39005900001598 | 20260514 | 3 | 220.0
39005900001598 | 20260515 | 3 | 174.99
39005900001598 | 20260516 | 5 | 239.99
39005900001598 | 20260517 | 2 | 89.99
39005900001598 | 20260518 | 2 | 29.99
39005900001598 | 20260519 | 2 | 19.99
39005900001598 | 20260520 | 2 | 109.99
39005900001598 | 20260521 | 2 | 94.99
39005900001598 | 20260522 | 2 | 99.97
39005900001598 | 20260523 | 4 | 119.99
39005900001598 | 20260524 | 3 | 60.0
39005900001598 | 20260525 | 2 | 60.0
39005900001598 | 20260526 | 1 | 10.0
39005900001598 | 20260527 | 2 | 65.0
39005900001598 | 20260529 | 1 | 10.0
39005900001598 | 20260530 | 1 | 20.0
39005900001598 | 20260531 | 1 | 9.99
39005900001598 | 20260601 | 1 | 5.0
39005900001598 | 20260602 | 2 | 20.99
39005900001598 | 20260603 | 1 | 5.0
39005900001598 | 20260604 | 1 | 20.0
39005900001598 | 20260605 | 2 | 85.0
39005900001598 | 20260606 | 3 | 59.99
39005900001598 | 20260607 | 1 | 59.98
39005900001598 | 20260608 | 3 | 50.99
39005900001598 | 20260609 | 2 | 15.0
39005900001598 | 20260610 | 4 | 39.97
39005900001598 | 20260611 | 5 | 159.98
39005900001598 | 20260612 | 1 | 29.99
39005900001598 | 20260613 | 4 | 55.98
39005900001598 | 20260614 | 1 | 9.99
39005900001598 | 20260615 | 1 | 30.0
39005900001598 | 20260616 | 1 | 20.0
39005900001598 | 20260617 | 1 | 20.0
39005900001598 | 20260618 | 1 | 69.98
39005900001598 | 20260620 | 1 | 40.0
39005900001598 | 20260623 | 1 | 20.0
39005900001598 | 20260624 | 1 | 40.0
39005900001598 | 20260626 | 2 | 19.99
39005900001598 | 20260628 | 1 | 100.0
39005900001598 | 20260630 | 1 | 10.0
39005900001598 | 20260701 | 1 | 10.0
39005900001598 | 20260702 | 1 | 5.0
39005900001598 | 20260705 | 1 | 20.0
39005900001598 | 20260706 | 1 | 19.99
39005900001598 | 20260708 | 1 | 10.0
39005900001598 | 20260712 | 1 | 9.99
39005900001598 | 20260714 | 1 | 20.0
39005900001598 | 20260715 | 2 | 40.0
39005900001598 | 20260716 | 1 | 9.99
39005900001598 | 20260717 | 1 | 10.0
39005900001599 | 20260520 | 3 | 110.0
39005900001599 | 20260521 | 3 | 249.94
39005900001599 | 20260522 | 3 | 114.97
39005900001599 | 20260523 | 5 | 535.0
39005900001599 | 20260524 | 6 | 594.93
39005900001599 | 20260525 | 6 | 699.99
39005900001599 | 20260526 | 5 | 304.98
39005900001599 | 20260527 | 5 | 374.99
39005900001599 | 20260528 | 5 | 185.0
39005900001599 | 20260529 | 4 | 219.99
39005900001599 | 20260530 | 2 | 319.99
39005900001599 | 20260601 | 1 | 59.99
39005900001599 | 20260602 | 3 | 46.95
39005900001599 | 20260603 | 3 | 91.92
39005900001599 | 20260604 | 4 | 241.94
39005900001599 | 20260605 | 6 | 537.96
39005900001599 | 20260606 | 6 | 217.89
39005900001599 | 20260607 | 6 | 433.87
39005900001599 | 20260608 | 3 | 17.95
39005900001599 | 20260609 | 3 | 30.99
39005900001599 | 20260610 | 2 | 19.99
39005900001599 | 20260611 | 2 | 19.99
39005900001599 | 20260612 | 1 | 20.0
39005900001599 | 20260613 | 5 | 239.99
39005900001599 | 20260614 | 2 | 11.97
39005900001599 | 20260615 | 1 | 20.0
39005900001599 | 20260616 | 1 | 59.99
39005900001599 | 20260617 | 1 | 80.0
39005900001599 | 20260618 | 1 | 114.97
39005900001599 | 20260619 | 2 | 150.0
39005900001599 | 20260620 | 1 | 75.98
39005900001599 | 20260621 | 2 | 79.98
39005900001599 | 20260622 | 5 | 397.95
39005900001599 | 20260623 | 3 | 269.99
39005900001599 | 20260625 | 2 | 245.0
39005900001599 | 20260626 | 2 | 210.0
39005900001599 | 20260627 | 2 | 125.0
39005900001599 | 20260628 | 1 | 10.0
39005900001599 | 20260629 | 2 | 15.0
39005900001599 | 20260630 | 2 | 9.99
39005900001599 | 20260701 | 1 | 10.0
39005900001599 | 20260702 | 5 | 210.99
39005900001599 | 20260703 | 4 | 82.94
39005900001599 | 20260704 | 5 | 166.97
39005900001599 | 20260705 | 5 | 202.97
39005900001599 | 20260706 | 4 | 103.95
39005900001599 | 20260707 | 3 | 15.99
39005900001599 | 20260708 | 4 | 53.93
39005900001599 | 20260709 | 3 | 20.98
39005900001599 | 20260710 | 5 | 219.97
39005900001599 | 20260711 | 4 | 54.99
39005900001599 | 20260712 | 3 | 105.0
39005900001599 | 20260713 | 3 | 59.97
39005900001599 | 20260714 | 3 | 249.99
39005900001599 | 20260715 | 1 | 9.99
39005900001599 | 20260716 | 4 | 229.99
39005900001599 | 20260717 | 2 | 60.0
39005900001599 | 20260718 | 3 | 89.99
39005900001599 | 20260719 | 5 | 315.0
39005900001600 | 20260610 | 1 | 10.0
39005900001600 | 20260611 | 5 | 294.95
39005900001600 | 20260612 | 2 | 34.99
39005900001600 | 20260613 | 3 | 70.0
39005900001600 | 20260614 | 2 | 59.99
39005900001600 | 20260615 | 2 | 69.99
39005900001600 | 20260616 | 4 | 105.0
39005900001600 | 20260617 | 2 | 20.0
39005900001600 | 20260618 | 1 | 10.0
39005900001600 | 20260619 | 1 | 9.99
39005900001600 | 20260620 | 1 | 14.99
39005900001600 | 20260621 | 1 | 9.99
39005900001600 | 20260622 | 2 | 89.97
39005900001600 | 20260623 | 1 | 40.0
39005900001600 | 20260625 | 2 | 55.0
39005900001600 | 20260626 | 3 | 24.99
39005900001600 | 20260627 | 2 | 29.99
39005900001600 | 20260628 | 3 | 289.99
39005900001600 | 20260629 | 1 | 20.0
39005900001600 | 20260630 | 2 | 60.0
39005900001600 | 20260701 | 4 | 45.0
39005900001600 | 20260702 | 4 | 85.98
39005900001600 | 20260703 | 3 | 20.99
39005900001600 | 20260704 | 3 | 21.98
39005900001600 | 20260705 | 2 | 10.99
39005900001600 | 20260706 | 2 | 5.99
39005900001600 | 20260707 | 3 | 15.99
39005900001600 | 20260708 | 3 | 32.96
39005900001600 | 20260709 | 2 | 49.99
39005900001600 | 20260710 | 6 | 129.94
39005900001600 | 20260711 | 3 | 54.99
39005900001600 | 20260712 | 3 | 49.98
39005900001600 | 20260713 | 2 | 20.0
39005900001600 | 20260714 | 1 | 20.0
39005900001600 | 20260715 | 1 | 40.0
39005900001600 | 20260716 | 3 | 49.99
39005900001600 | 20260717 | 1 | 10.0
39005900001600 | 20260719 | 2 | 50.0
39005900001601 | 20260621 | 4 | 64.98
39005900001601 | 20260622 | 3 | 34.99
39005900001601 | 20260624 | 1 | 10.0
39005900001601 | 20260625 | 1 | 9.99
39005900001601 | 20260626 | 2 | 29.99
39005900001601 | 20260627 | 1 | 5.0
39005900001601 | 20260629 | 1 | 29.99
39005900001601 | 20260630 | 3 | 109.99
39005900001601 | 20260701 | 3 | 59.98
39005900001601 | 20260702 | 2 | 15.98
39005900001601 | 20260703 | 1 | 10.0
39005900001601 | 20260704 | 4 | 78.93
39005900001601 | 20260705 | 6 | 117.94
39005900001601 | 20260706 | 2 | 21.97
39005900001601 | 20260707 | 2 | 79.97
39005900001601 | 20260708 | 2 | 10.0
39005900001601 | 20260710 | 4 | 99.99
39005900001601 | 20260711 | 5 | 494.99
39005900001601 | 20260712 | 3 | 150.0
39005900001601 | 20260713 | 2 | 20.0
39005900001601 | 20260716 | 2 | 229.99
39005900001601 | 20260718 | 1 | 10.0
39005900001601 | 20260719 | 2 | 140.0
(175 行)

======================================================================
## 3. 1600/1601 在 20260529 的注册明细样例
======================================================================
[dataapi] download ready rows=20 latency=5033ms
serverid | iuid | ouid | custom_pra1 | custom_pra2 | custom_pra3 | user_level
39005900001600 | 1000139005900001600 | system@no.1 | 1 | 1 | 0 | 1
39005900001600 | 1000239005900001600 | system@no.2 | 1 | 1 | 0 | 1
39005900001600 | 1000339005900001600 | system@no.3 | 1 | 1 | 0 | 1
39005900001600 | 1000439005900001600 | system@no.4 | 1 | 1 | 0 | 1
39005900001600 | 1000539005900001600 | system@no.5 | 1 | 1 | 0 | 1
39005900001600 | 1000639005900001600 | system@no.6 | 1 | 1 | 0 | 1
39005900001600 | 1000739005900001600 | system@no.7 | 1 | 1 | 0 | 1
39005900001600 | 1000839005900001600 | system@no.8 | 1 | 1 | 0 | 1
39005900001600 | 1000939005900001600 | system@no.9 | 1 | 1 | 0 | 1
39005900001600 | 1001039005900001600 | system@no.10 | 1 | 1 | 0 | 1
39005900001600 | 1001139005900001600 | system@no.11 | 1 | 1 | 0 | 1
39005900001600 | 1001239005900001600 | system@no.12 | 1 | 1 | 0 | 1
39005900001600 | 1001339005900001600 | system@no.13 | 1 | 1 | 0 | 1
39005900001600 | 1001439005900001600 | system@no.14 | 1 | 1 | 0 | 1
39005900001600 | 1001539005900001600 | system@no.15 | 1 | 1 | 0 | 1
39005900001600 | 1001639005900001600 | system@no.16 | 1 | 1 | 0 | 1
39005900001600 | 1001739005900001600 | system@no.17 | 1 | 1 | 0 | 1
39005900001600 | 1001839005900001600 | system@no.18 | 1 | 1 | 0 | 1
39005900001600 | 1001939005900001600 | system@no.19 | 1 | 1 | 0 | 1
39005900001600 | 1002039005900001600 | system@no.20 | 1 | 1 | 0 | 1
(20 行)

======================================================================
## 3b. 5/29 注册在两服的重合度
======================================================================
[dataapi] download ready rows=1 latency=5148ms
cnt_1600 | cnt_1601 | overlap
81 | 81 | 0
(1 行)

======================================================================
## 4. 直购礼包名称 (GM gift_bag)
======================================================================
