
======================================================================
## A. жҜҸжңҚжҜҸж—Ҙж–°еўһжіЁеҶҢдәәж•° (est)
======================================================================
[dataapi] download ready rows=143 latency=55281ms
serverid | ds | new_users
------------------------------------------------------------
39005900001598 | 20260510 | 10
39005900001598 | 20260511 | 11
39005900001598 | 20260512 | 14
39005900001598 | 20260513 | 17
39005900001598 | 20260514 | 7
39005900001598 | 20260515 | 12
39005900001598 | 20260516 | 10
39005900001598 | 20260517 | 14
39005900001598 | 20260518 | 17
39005900001598 | 20260519 | 13
39005900001598 | 20260520 | 10
39005900001598 | 20260521 | 4
39005900001598 | 20260522 | 3
39005900001598 | 20260523 | 3
39005900001598 | 20260524 | 1
39005900001598 | 20260526 | 1
39005900001598 | 20260527 | 1
39005900001598 | 20260528 | 2
39005900001598 | 20260529 | 4
39005900001598 | 20260530 | 1
39005900001598 | 20260531 | 2
39005900001598 | 20260601 | 2
39005900001598 | 20260602 | 2
39005900001598 | 20260603 | 5
39005900001598 | 20260604 | 3
39005900001598 | 20260605 | 2
39005900001598 | 20260606 | 2
39005900001598 | 20260607 | 2
39005900001598 | 20260609 | 1
39005900001598 | 20260610 | 2
39005900001598 | 20260612 | 1
39005900001598 | 20260613 | 1
39005900001598 | 20260615 | 1
39005900001598 | 20260616 | 2
39005900001598 | 20260618 | 2
39005900001598 | 20260625 | 1
39005900001598 | 20260626 | 1
39005900001598 | 20260628 | 1
39005900001598 | 20260630 | 1
39005900001598 | 20260701 | 1
39005900001598 | 20260705 | 1
39005900001598 | 20260707 | 1
39005900001598 | 20260713 | 1
39005900001598 | 20260714 | 1
39005900001599 | 20260520 | 8
39005900001599 | 20260521 | 17
39005900001599 | 20260522 | 15
39005900001599 | 20260523 | 14
39005900001599 | 20260524 | 7
39005900001599 | 20260525 | 8
39005900001599 | 20260526 | 10
39005900001599 | 20260527 | 7
39005900001599 | 20260528 | 16
39005900001599 | 20260529 | 7
39005900001599 | 20260530 | 10
39005900001599 | 20260531 | 11
39005900001599 | 20260601 | 4
39005900001599 | 20260602 | 7
39005900001599 | 20260603 | 8
39005900001599 | 20260604 | 9
39005900001599 | 20260605 | 7
39005900001599 | 20260606 | 5
39005900001599 | 20260607 | 10
39005900001599 | 20260608 | 9
39005900001599 | 20260609 | 7
39005900001599 | 20260610 | 14
39005900001599 | 20260611 | 1
39005900001599 | 20260613 | 1
39005900001599 | 20260615 | 3
39005900001599 | 20260619 | 1
39005900001599 | 20260620 | 1
39005900001599 | 20260621 | 4
39005900001599 | 20260622 | 3
39005900001599 | 20260623 | 2
39005900001599 | 20260624 | 1
39005900001599 | 20260625 | 1
39005900001599 | 20260628 | 1
39005900001599 | 20260703 | 2
39005900001599 | 20260704 | 2
39005900001599 | 20260705 | 2
39005900001599 | 20260707 | 1
39005900001599 | 20260708 | 1
39005900001599 | 20260709 | 1
39005900001599 | 20260712 | 3
39005900001599 | 20260713 | 2
39005900001599 | 20260714 | 1
39005900001599 | 20260715 | 2
39005900001599 | 20260717 | 1
39005900001599 | 20260719 | 1
39005900001600 | 20260529 | 81
39005900001600 | 20260610 | 12
39005900001600 | 20260611 | 17
39005900001600 | 20260612 | 8
39005900001600 | 20260613 | 13
39005900001600 | 20260614 | 12
39005900001600 | 20260615 | 15
39005900001600 | 20260616 | 9
39005900001600 | 20260617 | 7
39005900001600 | 20260618 | 7
39005900001600 | 20260619 | 5
39005900001600 | 20260620 | 7
39005900001600 | 20260621 | 3
39005900001600 | 20260625 | 1
39005900001600 | 20260628 | 2
39005900001600 | 20260629 | 1
39005900001600 | 20260705 | 2
39005900001600 | 20260706 | 1
39005900001600 | 20260709 | 1
39005900001600 | 20260710 | 1
39005900001600 | 20260711 | 1
39005900001600 | 20260712 | 1
39005900001600 | 20260714 | 1
39005900001600 | 20260715 | 1
39005900001600 | 20260716 | 1
39005900001600 | 20260717 | 3
39005900001600 | 20260719 | 1
39005900001601 | 20260529 | 81
39005900001601 | 20260620 | 4
39005900001601 | 20260621 | 16
39005900001601 | 20260622 | 13
39005900001601 | 20260623 | 7
39005900001601 | 20260624 | 8
39005900001601 | 20260625 | 10
39005900001601 | 20260626 | 10
39005900001601 | 20260627 | 10
39005900001601 | 20260628 | 11
39005900001601 | 20260629 | 11
39005900001601 | 20260630 | 5
39005900001601 | 20260701 | 8
39005900001601 | 20260702 | 5
39005900001601 | 20260703 | 6
39005900001601 | 20260704 | 6
39005900001601 | 20260705 | 12
39005900001601 | 20260706 | 12
39005900001601 | 20260707 | 16
39005900001601 | 20260708 | 14
39005900001601 | 20260709 | 15
39005900001601 | 20260710 | 7
39005900001601 | 20260713 | 1
39005900001601 | 20260714 | 1
39005900001601 | 20260715 | 1
39005900001601 | 20260718 | 2
39005900001601 | 20260719 | 1
(143 иЎҢ)

======================================================================
## B. жҜҸжңҚзҙҜи®ЎжіЁеҶҢдәәж•°
======================================================================
[dataapi] download ready rows=4 latency=5033ms
serverid | total_reg
------------------------------------------------------------
39005900001598 | 194
39005900001599 | 248
39005900001600 | 214
39005900001601 | 293
(4 иЎҢ)

======================================================================
## C. жҜҸжңҚд»ҳиҙ№жұҮжҖ» (pay)
======================================================================
[dataapi] download ready rows=4 latency=10075ms
serverid | payers | pay_times | total_diamonds | total_usd | arppu_usd
------------------------------------------------------------
39005900001598 | 22 | 143 | 352761 | 3527.61 | 160.35
39005900001599 | 30 | 353 | 982864 | 9828.64 | 327.62
39005900001600 | 16 | 136 | 203460 | 2034.6 | 127.16
39005900001601 | 17 | 97 | 183467 | 1834.67 | 107.92
(4 иЎҢ)

======================================================================
## D. д»ҳиҙ№зұ»еһӢжӢҶеҲҶ (1=е…‘жҚўжёёжҲҸеёҒ, 2=зӣҙиҙӯзӨјеҢ…)
======================================================================
[dataapi] download ready rows=8 latency=10102ms
serverid | pay_type | payers | times | usd
------------------------------------------------------------
39005900001598 | 1 | 21 | 104 | 2845.0
39005900001598 | 2 | 15 | 39 | 682.61
39005900001599 | 1 | 29 | 217 | 7965.0
39005900001599 | 2 | 22 | 136 | 1863.64
39005900001600 | 1 | 15 | 96 | 1485.0
39005900001600 | 2 | 12 | 40 | 549.6
39005900001601 | 1 | 17 | 64 | 1430.0
39005900001601 | 2 | 10 | 33 | 404.67
(8 иЎҢ)

======================================================================
## E. зӣҙиҙӯзӨјеҢ… TOP (жҢүзҫҺе…ғ)
======================================================================
[dataapi] download ready rows=50 latency=15135ms
serverid | gift_id | payers | times | usd
------------------------------------------------------------
39005900001598 | 8000 | 6 | 6 | 179.94
39005900001598 | 5400101 | 4 | 4 | 119.96
39005900001598 | 5400104 | 3 | 3 | 89.97
39005900001598 | 5400100 | 9 | 9 | 89.91
39005900001598 | 5500001 | 2 | 2 | 79.98
39005900001598 | 5400103 | 7 | 7 | 69.93
39005900001598 | 5400106 | 3 | 3 | 29.97
39005900001598 | 62700 | 1 | 2 | 19.98
39005900001598 | 102 | 1 | 2 | 1.98
39005900001598 | 201 | 1 | 1 | 0.99
39005900001599 | 8000 | 11 | 12 | 359.88
39005900001599 | 5500001 | 5 | 6 | 239.94
39005900001599 | 5400101 | 7 | 7 | 209.93
39005900001599 | 5400104 | 6 | 6 | 179.94
39005900001599 | 62680 | 1 | 2 | 99.98
39005900001599 | 5400100 | 10 | 10 | 99.9
39005900001599 | 5400103 | 9 | 9 | 89.91
39005900001599 | 104 | 3 | 9 | 89.91
39005900001599 | 5400106 | 8 | 8 | 79.92
39005900001599 | 62741 | 1 | 1 | 59.99
39005900001599 | 62743 | 1 | 1 | 59.99
39005900001599 | 5400107 | 2 | 2 | 59.98
39005900001599 | 103 | 4 | 11 | 54.89
39005900001599 | 102 | 8 | 39 | 38.61
39005900001599 | 62747 | 2 | 2 | 25.98
39005900001599 | 62785 | 1 | 1 | 24.99
39005900001599 | 62748 | 1 | 1 | 22.99
39005900001599 | 19801 | 2 | 2 | 19.98
39005900001599 | 1402 | 1 | 1 | 14.99
39005900001599 | 62700 | 1 | 1 | 9.99
39005900001599 | 803 | 1 | 1 | 9.99
39005900001599 | 62783 | 1 | 1 | 4.99
39005900001599 | 62766 | 1 | 1 | 4.99
39005900001599 | 201 | 1 | 2 | 1.98
39005900001600 | 5400104 | 6 | 6 | 179.94
39005900001600 | 5400103 | 10 | 10 | 99.9
39005900001600 | 8000 | 3 | 3 | 89.97
39005900001600 | 5400107 | 3 | 3 | 89.97
39005900001600 | 5400106 | 8 | 8 | 79.92
39005900001600 | 102 | 4 | 10 | 9.9
39005900001601 | 5400107 | 3 | 3 | 89.97
39005900001601 | 5400103 | 7 | 7 | 69.93
39005900001601 | 5400104 | 2 | 2 | 59.98
39005900001601 | 8000 | 2 | 2 | 59.98
39005900001601 | 62793 | 1 | 1 | 49.99
39005900001601 | 5400106 | 3 | 3 | 29.97
39005900001601 | 103 | 1 | 3 | 14.97
39005900001601 | 62848 | 1 | 1 | 9.99
39005900001601 | 104 | 1 | 1 | 9.99
39005900001601 | 102 | 4 | 10 | 9.9
(50 иЎҢ)

======================================================================
## F. иҝ‘7еӨ©жҙ»и·ғзҺ©е®¶зӯүзә§еҲҶеёғ (login, жҜҸзҺ©е®¶еҸ–жңҖй«ҳзӯүзә§)
======================================================================
[dataapi] download ready rows=16 latency=5057ms
serverid | level_bucket | users | max_lvl_in_bucket
------------------------------------------------------------
39005900001598 | 01-19 | 1 | 1
39005900001598 | 20-39 | 1 | 33
39005900001598 | 40-59 | 9 | 58
39005900001598 | 60-79 | 11 | 73
39005900001599 | 01-19 | 7 | 5
39005900001599 | 20-39 | 4 | 37
39005900001599 | 40-59 | 16 | 59
39005900001599 | 60-79 | 20 | 74
39005900001600 | 01-19 | 4 | 1
39005900001600 | 20-39 | 5 | 37
39005900001600 | 40-59 | 12 | 54
39005900001600 | 60-79 | 11 | 71
39005900001601 | 01-19 | 7 | 8
39005900001601 | 20-39 | 7 | 35
39005900001601 | 40-59 | 16 | 56
39005900001601 | 60-79 | 8 | 67
(16 иЎҢ)

======================================================================
## F2. иҝ‘7еӨ©жҙ»и·ғзҺ©е®¶ж•°дёҺжңҖй«ҳзӯүзә§
======================================================================
[dataapi] download ready rows=4 latency=5050ms
serverid | active_users_7d | max_level
------------------------------------------------------------
39005900001598 | 22 | 73
39005900001599 | 47 | 74
39005900001600 | 32 | 71
39005900001601 | 38 | 67
(4 иЎҢ)

======================================================================
## G. й’»зҹіж¶Ҳиҙ№зі»з»ҹеҲҶеёғ (prop.custom_pra1 = class.method)
======================================================================
[dataapi] download ready rows=0 latency=5051ms
(ж— ж•°жҚ®)

======================================================================
## H. жҜҸжңҚжҜҸж—Ҙд»ҳиҙ№йҮ‘йўқ (зҫҺе…ғ)
======================================================================
Traceback (most recent call last):
  File "C:\Users\liubz\Desktop\mycode\feishu_bot\debug\analyze_39_new_servers.py", line 179, in <module>
    run(
  File "C:\Users\liubz\Desktop\mycode\feishu_bot\debug\analyze_39_new_servers.py", line 23, in run
    rows = dataapi.run_sql_rows(sql, max_rows=max_rows)
           ^^^^^^^^^^^^^^^^^^^^^^^^^^^^^^^^^^^^^^^^^^^^
  File "C:\Users\liubz\Desktop\mycode\feishu_bot\app\dataapi.py", line 131, in run_sql_rows
    return _execute()
           ^^^^^^^^^^
  File "C:\Users\liubz\Desktop\mycode\feishu_bot\app\dataapi.py", line 128, in _execute
    return _download_rows(task_id, max_rows)
           ^^^^^^^^^^^^^^^^^^^^^^^^^^^^^^^^^
  File "C:\Users\liubz\Desktop\mycode\feishu_bot\app\dataapi.py", line 105, in _download_rows
    raise RuntimeError(f"КэІЦИООсі¬КұОҙНкіЙ (task_id={task_id}Ј¬ТСөИҙэ {elapsed_sec} Гл)")
RuntimeError: КэІЦИООсі¬КұОҙНкіЙ (task_id=2948de71-f379-4c4e-b3d0-1c263cbe437dЈ¬ТСөИҙэ 115 Гл)
